1.759606072998046784e+02
1.630723883056641057e+02
1.336340426635742062e+02
7.061228225708006789e+01
1.742731086730957202e+01
1.079355373382568217e+01
7.955817375183104723e+00
6.293490047454834091e+00
5.098321895599365661e+00
4.216365432739257457e+00
3.567054138183594070e+00
3.089710645675659340e+00
2.730730142593383647e+00
2.446485939025878853e+00
2.204739265441894247e+00
1.999967432022094815e+00
1.822451972961425914e+00
1.675360693931579936e+00
1.548939819335937162e+00
1.434971604347228924e+00
1.333378119468689116e+00
1.244258818626403862e+00
1.164437060356140030e+00
1.096258106231689400e+00
1.036358127593994150e+00
9.839017343521119230e-01
9.402354764938354315e-01
9.033961534500123403e-01
8.700844359397889027e-01
8.395763373374939276e-01
8.114486813545227495e-01
7.852069616317749468e-01
7.604282188415527610e-01
7.366881680488587270e-01
7.155832362174988637e-01
6.967972898483276722e-01
6.791043782234189585e-01
6.637419581413268599e-01
6.496826958656312101e-01
6.372063899040221191e-01
6.250590157508850719e-01
6.140294957160949973e-01
6.037873148918152522e-01
5.933618092536927513e-01
5.839743375778198020e-01
5.747150564193725941e-01
5.661324691772460227e-01
5.577753090858459384e-01
5.501123237609863992e-01
5.426622104644776012e-01
5.354644703865052424e-01
5.289480423927306330e-01
5.223146796226501021e-01
5.160512542724611240e-01
5.101470780372618918e-01
5.042633128166199574e-01
4.986322164535523793e-01
4.933184647560119318e-01
4.881136536598205122e-01
4.830949258804320690e-01
4.782277131080627242e-01
4.736769509315491011e-01
4.689203286170960383e-01
4.643095541000366033e-01
4.599175834655761519e-01
4.555566573143005615e-01
4.515088558197021262e-01
4.473195314407349410e-01
4.433918344974517867e-01
4.396554160118101851e-01
4.354865026473999645e-01
4.320940232276916926e-01
4.283452439308166326e-01
4.247948169708251065e-01
4.214975368976592862e-01
4.182911121845245273e-01
4.150597298145294878e-01
4.119661962985992631e-01
4.086746013164520019e-01
4.057108843326568404e-01
4.028829646110535512e-01
4.000550222396850319e-01
3.972098302841186035e-01
3.947098112106323664e-01
3.920452404022216619e-01
3.898117709159851230e-01
3.874214076995848854e-01
3.852741932868957164e-01
3.829590320587158425e-01
3.806277823448181441e-01
3.784960877895354736e-01
3.766442286968231246e-01
3.748786175251005992e-01
3.727698588371277100e-01
3.708102154731749978e-01
3.689013671874999956e-01
3.674081647396087447e-01
3.654677414894103582e-01
3.638301503658294411e-01
3.622312104701995716e-01
3.607410705089569292e-01
3.593535149097442094e-01
3.575675642490387385e-01
3.558047795295715687e-01
3.547568345069884721e-01
3.529565143585205456e-01
3.515623712539673318e-01
3.500921022891999579e-01
3.487999880313873424e-01
3.475169122219086137e-01
3.460509610176085715e-01
3.447933483123779563e-01
3.435317373275756370e-01
3.421953892707824685e-01
3.403728067874909891e-01
3.391311562061310458e-01
3.377767813205718728e-01
3.362558269500732777e-01
3.350484716892243031e-01
3.336981940269470037e-01
3.323669493198394553e-01
3.309687244892121072e-01
3.298330020904540749e-01
3.284156286716462536e-01
3.273803257942199951e-01
3.259213745594025102e-01
3.248858666419983110e-01
3.237204456329345614e-01
3.225500822067260964e-01
3.216643762588501376e-01
3.202501559257507346e-01
3.187496972084045699e-01
3.177112162113189808e-01
3.165341305732726762e-01
3.158926427364350253e-01
3.143762588500976229e-01
3.129126274585724565e-01
3.109510004520416593e-01
3.081907379627227828e-01
3.057600927352905340e-01
3.028891313076018665e-01
3.011794710159301225e-01
2.992993593215941828e-01
2.974182403087616833e-01
2.958964812755585094e-01
2.942023670673370450e-01
2.929753708839416548e-01
2.916682147979736128e-01
2.905096709728240412e-01
2.891961526870727162e-01
2.879479932785034002e-01
2.870636212825775080e-01
2.857668066024779963e-01
2.850938081741333230e-01
2.837808334827422452e-01
2.826964437961578813e-01
2.817346048355102162e-01
2.807298660278320090e-01
2.801873958110809304e-01
2.790411150455474609e-01
2.783422958850860773e-01
2.770263397693634166e-01
2.762478828430175448e-01
2.751392757892608398e-01
2.742774152755736994e-01
2.738044571876525612e-01
2.728801691532135032e-01
2.718575692176818936e-01
2.713962280750275013e-01
2.706381285190581631e-01
2.696177458763123203e-01
2.688773572444915771e-01
2.681130480766296675e-01
2.674582767486572976e-01
2.666279256343841442e-01
2.660438573360442982e-01
2.654371213912964378e-01
2.647890830039977828e-01
2.638674223423003729e-01
2.635081315040588845e-01
2.628669869899749600e-01
2.620797836780547896e-01
2.613155877590179754e-01
2.609299743175506614e-01
2.605185008049011319e-01
2.596986484527587513e-01
2.590416514873504772e-01
2.584122848510742587e-01
2.577310299873352140e-01
2.574062311649322199e-01
2.568812859058380305e-01
2.557550609111785556e-01
2.551775062084197798e-01
2.547069656848907626e-01
2.542860043048858487e-01
2.538842892646789862e-01
2.529895472526550448e-01
2.523855936527252264e-01
2.520267498493193870e-01
2.515721666812896773e-01
2.512265169620513938e-01
2.505547523498535267e-01
2.498867940902709528e-01
2.493411409854889293e-01
2.489038062095641490e-01
2.484369826316833452e-01
2.478920280933380182e-01
2.479275274276733221e-01
2.466824162006378274e-01
2.465294706821441473e-01
2.459462666511535722e-01
2.456462430953979814e-01
2.452575755119323631e-01
2.445162165164947166e-01
2.439636921882629428e-01
2.435767197608947610e-01
2.431630396842956732e-01
2.430086493492126520e-01
2.421004533767699696e-01
2.417618799209594882e-01
2.413376951217651167e-01
2.412568032741546631e-01
2.419471573829650723e-01
2.418907558917999523e-01
2.399039530754089045e-01
2.394041430950164251e-01
2.389076101779937789e-01
2.385729384422302368e-01
2.383125197887420721e-01
2.375856089591980025e-01
2.374892997741699097e-01
2.368568587303161443e-01
2.366520082950591963e-01
2.360098719596862571e-01
2.358363986015319103e-01
2.354653632640838212e-01
2.348421466350555376e-01
2.347914850711822488e-01
2.342887508869171409e-01
2.337639999389647949e-01
2.334218800067901500e-01
2.331315517425536499e-01
2.328534412384033470e-01
2.322445797920227317e-01
2.318209397792816151e-01
2.316915583610534846e-01
2.316430950164795055e-01
2.311393898725509488e-01
2.305650073289871871e-01
2.305831646919249966e-01
2.296533477306366144e-01
2.294384884834289318e-01
2.294093877077102162e-01
2.302008157968521429e-01
2.289199113845825084e-01
2.281383323669433638e-01
2.281441515684127508e-01
2.286663693189621149e-01
2.272399252653122259e-01
2.274753731489181363e-01
2.271560436487197743e-01
2.263611614704132136e-01
2.262030917406082364e-01
2.258518153429031339e-01
2.258817368745803800e-01
2.254707038402557207e-01
2.249198406934737882e-01
2.260306441783905274e-01
2.244925677776337392e-01
2.244200909137725741e-01
2.236849522590637629e-01
2.234652394056320379e-01
2.232072609663009466e-01
2.232256019115448076e-01
2.230393040180206343e-01
2.223744803667068726e-01
2.225156038999557273e-01
2.220448219776153809e-01
2.215193980932235462e-01
2.212975078821182440e-01
2.210008263587951716e-01
2.210168099403381492e-01
2.208988785743713490e-01
2.211827689409255893e-01
2.202064269781112138e-01
2.201531636714935403e-01
2.199783718585968384e-01
2.199948734045028831e-01
2.193854570388794334e-01
2.189082789421081532e-01
2.194575768709182417e-01
2.189869111776351907e-01
2.183641147613525346e-01
2.180754274129867443e-01
2.176918464899063044e-01
2.172366911172866899e-01
2.172445482015609719e-01
2.169059956073760564e-01
2.167726004123687877e-01
2.162495803833007768e-01
2.161404967308044323e-01
2.167634940147400158e-01
2.167107290029525457e-01
2.157773411273956610e-01
2.154467189311981001e-01
2.150630140304565507e-01
2.146809625625610285e-01
2.142231464385985773e-01
2.142798978090286466e-01
2.141400796175002841e-01
2.133821541070937688e-01
2.137114673852920366e-01
2.132550072669983365e-01
2.124380135536193814e-01
2.128358846902847212e-01
2.134048920869827115e-01
2.121478831768036089e-01
2.118150037527084251e-01
2.119571554660796553e-01
2.115844005346298184e-01
2.110800820589065763e-01
2.109190112352371249e-01
2.103695017099380393e-01
2.102246987819671731e-01
2.100773769617080289e-01
2.098273295164108654e-01
2.099460321664810281e-01
2.107167649269103826e-01
2.095508235692977728e-01
2.091004639863967840e-01
2.099972283840178811e-01
2.091231036186218251e-01
2.081765687465667591e-01
2.078965085744857999e-01
2.083087038993835516e-01
2.077862024307250699e-01
2.075533068180084317e-01
2.079706519842147439e-01
2.073582154512405296e-01
2.068524920940399137e-01
2.073373919725417791e-01
2.074734175205230347e-01
2.065768820047378662e-01
2.062070494890212990e-01
2.064953804016113059e-01
2.057454758882522883e-01
2.052145493030547996e-01
2.053525716066360585e-01
2.054482382535934570e-01
2.054767811298369995e-01
2.046715801954269720e-01
2.045115947723388505e-01
2.045435518026351984e-01
2.042843550443649014e-01
2.038786488771438532e-01
2.038445544242858953e-01
2.039900922775268466e-01
2.035814273357390847e-01
2.032607340812682961e-01
2.029887288808822909e-01
2.026136231422424328e-01
2.025478667020797763e-01
2.021468830108642534e-01
2.022400766611099077e-01
2.018816572427749312e-01
2.023721081018447776e-01
2.035888677835464566e-01
2.012016332149505482e-01
2.019712686538696622e-01
2.028764933347702581e-01
2.008450245857238969e-01
2.010002768039703125e-01
2.005247986316680830e-01
2.004755038022995040e-01
1.998034781217574996e-01
1.998050206899642800e-01
1.998978322744369707e-01
1.995878076553344593e-01
1.995420634746551403e-01
1.993921756744385099e-01
1.991280037164688266e-01
1.989592158794402654e-01
1.988006949424743486e-01
1.995968633890152222e-01
1.981285226345062545e-01
1.979644083976745683e-01
1.980539739131927379e-01
1.975408232212066684e-01
1.980875885486602650e-01
1.977260667085647405e-01
1.972080528736114280e-01
1.968227666616439164e-01
1.966393393278122181e-01
1.971270060539245805e-01
1.980496329069137418e-01
1.972719639539718406e-01
1.962822723388672197e-01
1.959272992610930908e-01
1.957673788070678489e-01
1.954573553800582897e-01
1.953021264076232888e-01
1.953746843338012851e-01
1.948903477191925027e-01
1.953968238830566251e-01
1.948607867956161366e-01
1.946689116954803678e-01
1.947225528955459639e-01
1.943069326877593928e-01
1.945316785573959484e-01
1.940597182512283359e-01
1.939939373731612848e-01
1.939293611049652255e-01
1.937686794996261730e-01
1.932891690731048662e-01
1.936131268739700317e-01
1.928065329790115134e-01
1.931809049844741832e-01
1.928206104040146307e-01
1.922603559494018566e-01
1.924051785469055864e-01
1.920919901132583374e-01
1.918852061033248790e-01
1.920035690069198664e-01
1.916846662759780218e-01
1.913836961984634322e-01
1.912175136804581121e-01
1.912498515844344993e-01
1.911792320013045998e-01
1.917390096187591708e-01
1.907480382919311823e-01
1.906889128684997603e-01
1.904942846298217918e-01
1.905778169631958119e-01
1.908399069309235085e-01
1.911108702421188410e-01
1.901583868265151467e-01
1.909171867370605680e-01
1.900887632369994695e-01
1.894185054302215399e-01
1.895410150289535134e-01
1.895866721868515181e-01
1.893669861555099532e-01
1.892103707790374623e-01
1.892033666372299194e-01
1.890791916847229248e-01
1.886979830265045066e-01
1.886414533853530417e-01
1.885401028394699252e-01
1.880984276533126942e-01
1.883604633808135809e-01
1.877628809213637839e-01
1.877401840686798162e-01
1.884106630086899159e-01
1.880412673950195568e-01
1.887544739246368175e-01
1.889616507291793646e-01
1.874666529893875555e-01
1.872321188449859730e-01
1.874840176105499190e-01
1.870109558105468583e-01
1.866008859872817782e-01
1.864428073167800903e-01
1.866538125276565596e-01
1.863213062286376842e-01
1.866655361652374279e-01
1.879569488763809249e-01
1.861424022912979426e-01
1.857328712940216064e-01
1.859943771362304321e-01
1.858487051725387640e-01
1.854702484607696489e-01
1.867389255762099687e-01
1.864585208892822477e-01
1.854845893383025579e-01
1.852450811862945690e-01
1.858739757537842263e-01
1.857606571912765459e-01
1.849211609363555775e-01
1.858616137504578159e-01
1.857036274671554632e-01
1.845593196153640925e-01
1.845026898384094505e-01
1.838861405849457065e-01
1.842108112573623835e-01
1.858230799436569325e-01
1.852038985490798706e-01
1.839005029201507546e-01
1.836950153112411610e-01
1.833805364370346414e-01
1.834954619407653531e-01
1.836565434932708740e-01
1.833767509460449419e-01
1.830549240112304688e-01
1.829255408048630072e-01
1.830693638324737416e-01
1.829454100131988337e-01
1.830685216188430997e-01
1.826215273141861273e-01
1.823812401294707952e-01
1.826284146308899126e-01
1.827592617273330611e-01
1.825245869159698442e-01
1.819467866420745594e-01
1.818426138162613226e-01
1.820796310901642012e-01
1.821797358989715454e-01
1.818136900663376021e-01
1.820802009105682295e-01
1.820862996578216375e-01
1.811158567667007502e-01
1.813292396068573176e-01
1.815984886884689231e-01
1.815222465991974121e-01
1.808732610940933239e-01
1.814800620079040361e-01
1.811522477865218916e-01
1.808249902725219682e-01
1.804621440172195224e-01
1.812074345350265236e-01
1.802395236492156938e-01
1.803529697656631459e-01
1.806173402070999356e-01
1.804469358921051148e-01
1.800226664543151944e-01
1.810182172060013084e-01
1.810982906818389970e-01
1.797597897052764793e-01
1.795378130674362416e-01
1.806453335285186645e-01
1.794039136171340643e-01
1.796494913101196744e-01
1.791819864511489668e-01
1.791897428035736095e-01
1.789019435644149392e-01
1.791811239719391657e-01
1.791007596254348688e-01
1.796187812089919678e-01
1.787132370471954113e-01
1.784750080108642722e-01
1.786383253335952492e-01
1.789900618791580578e-01
1.784256178140639915e-01
1.779686719179153775e-01
1.782789820432663097e-01
1.778632968664169145e-01
1.785363537073135221e-01
1.782619142532348711e-01
1.778404039144516058e-01
1.787951010465622381e-01
1.777685928344726607e-01
1.778187775611877464e-01
1.771673351526260043e-01
1.778549116849899026e-01
1.781131154298782882e-01
1.770400822162627730e-01
1.774098455905914196e-01
1.772217142581939964e-01
1.768245798349380726e-01
1.769795709848403786e-01
1.767436313629150713e-01
1.770045328140258944e-01
1.767830598354339922e-01
1.767955070734024137e-01
1.768804967403412032e-01
1.770311462879180786e-01
1.771759098768234397e-01
1.760343903303146218e-01
1.758927965164183982e-01
1.755892628431320046e-01
1.757707190513610462e-01
1.759447950124740645e-01
1.754926693439483598e-01
1.754249387979507635e-01
1.752924942970275901e-01
1.751087218523025568e-01
1.754688888788222823e-01
1.749322474002838468e-01
1.751697260141373003e-01
1.748704183101653653e-01
1.761083674430847512e-01
1.759663873910904119e-01
1.745464056730270663e-01
1.745825976133346669e-01
1.747080188989638960e-01
1.745526516437530540e-01
1.741380429267883334e-01
1.750445860624313954e-01
1.745731800794601829e-01
1.750089281797408969e-01
1.739871525764465354e-01
1.740003615617752020e-01
1.740971904993056929e-01
1.737123578786849976e-01
1.732224273681640669e-01
1.735680758953094538e-01
1.732517606019973733e-01
1.741302210092544600e-01
1.737532770633697377e-01
1.732876998186111406e-01
1.732722383737564098e-01
1.736083006858825939e-01
1.728203797340393255e-01
1.727932804822921720e-01
1.729102003574371493e-01
1.731278145313263073e-01
1.726905757188796908e-01
1.723526322841644476e-01
1.724317419528961226e-01
1.732513034343718950e-01
1.726675140857696356e-01
1.722982561588287387e-01
1.721882909536361639e-01
1.722527515888214178e-01
1.718807822465896196e-01
1.720891219377517767e-01
1.716632741689682606e-01
1.715102702379226463e-01
1.715003144741057972e-01
1.719611805677414285e-01
1.715526717901229847e-01
1.718120992183685414e-01
1.722740483283996815e-01
1.712855654954910378e-01
1.713763421773910611e-01
1.710268741846084906e-01
1.707934790849685303e-01
1.716454327106475830e-01
1.710809934139251587e-01
1.718304884433746460e-01
1.705239313840866411e-01
1.708443403244018499e-01
1.707850342988968262e-01
1.707279932498932118e-01
1.702388584613799827e-01
1.701576280593872226e-01
1.704786032438277976e-01
1.702141487598419489e-01
1.703669643402100364e-01
1.712692195177077936e-01
1.702227997779846569e-01
1.702322524785995217e-01
1.696556347608566551e-01
1.697180151939392534e-01
1.697666096687316939e-01
1.701857489347458063e-01
1.703506499528884832e-01
1.705580019950866666e-01
1.696050232648849687e-01
1.707325190305709894e-01
1.693239015340805009e-01
1.690213519334792525e-01
1.700055247545242398e-01
1.691205489635467796e-01
1.687176340818405118e-01
1.686382538080215265e-01
1.690984565019607588e-01
1.691893202066421797e-01
1.690377533435821200e-01
1.684010809659957641e-01
1.686784583330154796e-01
1.696104878187179588e-01
1.682582628726959351e-01
1.684531247615814187e-01
1.682783299684524614e-01
1.681992614269256781e-01
1.683020240068435480e-01
1.680840778350829734e-01
1.677996635437011830e-01
1.680305308103561268e-01
1.680353617668151611e-01
1.683175247907638394e-01
1.677950668334960982e-01
1.677509725093841164e-01
1.678082662820815640e-01
1.677259010076522783e-01
1.677678221464157515e-01
1.692301493883132391e-01
1.676477271318436157e-01
1.671698307991028032e-01
1.675904637575149347e-01
1.671588587760924893e-01
1.669474351406097790e-01
1.671416872739791837e-01
1.673958390951156283e-01
1.669966113567352139e-01
1.668616420030593905e-01
1.672154933214187456e-01
1.667031306028365634e-01
1.671831649541854758e-01
1.665358430147171609e-01
1.662516331672668213e-01
1.667880851030349443e-01
1.665294015407562112e-01
1.662779819965362615e-01
1.662062132358551325e-01
1.659852468967437933e-01
1.662133425474166537e-01
1.659084618091583030e-01
1.658886229991912431e-01
1.659540486335754350e-01
1.658702123165130826e-01
1.661443644762039540e-01
1.674676436185837114e-01
1.661317056417465354e-01
1.657588255405426370e-01
1.653017413616180709e-01
1.654566788673401123e-01
1.659856754541396973e-01
1.656495839357375877e-01
1.668471664190292192e-01
1.655085182189941218e-01
1.650748205184936757e-01
1.653198063373565729e-01
1.650750869512558061e-01
1.651515591144561701e-01
1.654296475648879827e-01
1.649805468320846291e-01
1.647783648967742764e-01
1.650444024801254184e-01
1.651022595167160045e-01
1.646219557523727339e-01
1.644857138395309504e-01
1.642723703384399436e-01
1.651973867416381969e-01
1.645453995466232278e-01
1.643776565790176225e-01
1.649155718088150258e-01
1.641855162382125644e-01
1.641568756103515825e-01
1.642355394363402832e-01
1.644362187385559060e-01
1.640564090013503784e-01
1.642820996046066573e-01
1.645240187644957941e-01
1.646892124414443825e-01
1.638025003671645941e-01
1.637476575374603449e-01
1.640926587581634510e-01
1.633745378255844760e-01
1.636754512786865179e-01
1.635210210084915294e-01
1.639565342664718595e-01
1.631356191635131847e-01
1.635474187135696200e-01
1.631786811351776112e-01
1.633278995752334428e-01
1.633096712827682429e-01
1.632186597585678078e-01
1.639681172370910378e-01
1.635772055387496871e-01
1.632368361949920188e-01
1.629842436313629073e-01
1.638604778051376276e-01
1.633147221803665505e-01
1.630603766441345304e-01
1.625463801622390458e-01
1.631272554397583119e-01
1.628224086761474454e-01
1.626030385494232344e-01
1.628502917289733620e-01
1.626202702522278054e-01
1.622500687837600819e-01
1.623195129632949985e-01
1.620964658260345415e-01
1.622412532567977794e-01
1.620324254035949707e-01
1.620465040206909013e-01
1.622374874353408880e-01
1.619963115453720293e-01
1.619561612606048584e-01
1.618731838464736728e-01
1.616963237524032815e-01
1.619542288780212447e-01
1.632577306032181041e-01
1.624726068973541548e-01
1.615943419933318914e-01
1.615834242105483876e-01
1.617398107051850054e-01
1.619473308324813343e-01
1.619900327920914263e-01
1.615262848138808993e-01
1.613706535100936923e-01
1.611899107694625688e-01
1.616354137659072876e-01
1.615466278791427845e-01
1.618998640775680398e-01
1.632436347007751309e-01
1.615000826120376598e-01
1.608581757545471114e-01
1.607530438899994196e-01
1.607752585411071355e-01
1.610524815320968639e-01
1.611299437284469394e-01
1.612747973203658980e-01
1.605103319883346702e-01
1.604842019081115789e-01
1.603771317005157349e-01
1.606955277919769332e-01
1.607048517465591575e-01
1.609190160036086947e-01
1.609178179502487316e-01
1.605684357881546065e-01
1.615906697511672874e-01
1.613817381858825839e-01
1.601282888650893965e-01
1.608811664581299150e-01
1.606383287906646973e-01
1.597331660985946700e-01
1.598753035068511963e-01
1.602285355329512995e-01
1.601088213920593140e-01
1.597982835769653220e-01
1.599291783571243353e-01
1.602689868211746027e-01
1.610692185163497825e-01
1.601484644412994318e-01
1.597622960805892833e-01
1.593549329042434626e-01
1.595223891735076671e-01
1.596094304323196489e-01
1.596928781270980924e-01
1.591276198625564686e-01
1.593287158012390292e-01
1.593466234207153442e-01
1.590943008661269975e-01
1.592697095870971302e-01
1.593795257806777943e-01
1.591895353794098023e-01
1.591706770658493086e-01
1.590252834558486261e-01
1.589972418546676258e-01
1.587954270839690984e-01
1.589847052097320690e-01
1.588003772497176835e-01
1.588049620389938021e-01
1.589482480287552069e-01
1.589496773481369196e-01
1.586114680767059248e-01
1.584077775478363315e-01
1.590304338932037320e-01
1.585071951150894276e-01
1.592383605241775579e-01
1.594091778993606823e-01
1.586318224668502863e-01
1.589699411392211659e-01
1.583010005950927501e-01
1.582993668317795033e-01
1.585347729921340876e-01
1.582682484388351074e-01
1.580987393856048973e-01
1.580507493019104037e-01
1.579493045806885099e-01
1.585646367073058616e-01
1.587652635574340887e-01
1.583975064754486184e-01
1.580707365274429121e-01
1.578025573492050360e-01
1.578786182403564831e-01
1.582092225551605114e-01
1.582723760604858587e-01
1.580280357599258279e-01
1.578038936853408958e-01
1.575979000329971458e-01
1.579252767562866200e-01
1.575576043128967541e-01
1.579940366744994884e-01
1.572296947240829357e-01
1.572528362274170088e-01
1.571886992454528953e-01
1.574316608905792503e-01
1.571919983625411910e-01
1.577588993310928556e-01
1.580391073226928844e-01
1.584036022424697709e-01
1.575895661115646329e-01
1.572667276859283370e-01
1.571332061290741100e-01
1.571634435653686268e-01
1.567681390047073187e-01
1.567082726955413841e-01
1.566731607913970648e-01
1.573085534572601363e-01
1.566294199228286665e-01
1.564426302909850963e-01
1.567507249116897317e-01
1.578162664175033203e-01
1.567778921127319647e-01
1.567192888259887895e-01
1.564425635337829412e-01
1.561301541328430076e-01
1.561986798048018987e-01
1.560918998718262007e-01
1.563383167982101696e-01
1.568489950895309293e-01
1.568067806959152211e-01
1.560889917612075795e-01
1.564027303457260210e-01
1.558946228027343617e-01
1.560447460412978660e-01
1.558562523126602040e-01
1.560879343748092785e-01
1.558814084529876742e-01
1.555756443738937345e-01
1.556781643629073786e-01
1.558967810869216764e-01
1.556945502758025901e-01
1.559148800373077459e-01
1.561875885725021451e-01
1.558233219385146973e-01
1.558493983745574962e-01
1.563860327005386353e-01
1.555558788776397749e-01
1.553255891799926458e-01
1.554571896791457908e-01
1.557578945159912021e-01
1.557043826580047641e-01
1.552307885885238492e-01
1.552768194675445412e-01
1.554967695474624712e-01
1.554529899358749467e-01
1.555069738626480014e-01
1.553869843482971191e-01
1.551381200551986694e-01
1.553632986545562533e-01
1.553246659040450617e-01
1.550710374116897883e-01
1.549193441867828536e-01
1.546603053808212058e-01
1.545828044414520042e-01
1.549439752101898493e-01
1.551798546314239746e-01
1.548827093839645341e-01
1.545475614070892512e-01
1.545457279682159457e-01
1.545104455947876043e-01
1.546265697479248247e-01
1.548918420076369762e-01
1.545480448007583441e-01
1.542229425907135354e-01
1.544514316320419467e-01
1.544295036792755205e-01
1.546119827032089167e-01
1.543321973085403365e-01
1.545682710409164440e-01
1.543451583385467563e-01
1.547240990400314264e-01
1.539228492975235341e-01
1.541271698474883933e-01
1.540815281867980724e-01
1.545350629091262751e-01
1.541672009229659857e-01
1.539556813240051114e-01
1.539008039236068881e-01
1.541642457246780173e-01
1.538039618730545066e-01
1.540810680389404497e-01
1.539441615343093706e-01
1.535191613435745450e-01
1.536148023605346802e-01
1.535084152221679876e-01
1.536578065156936346e-01
1.537090325355529585e-01
1.532593023777008012e-01
1.538885027170181219e-01
1.538155061006546143e-01
1.533263462781906394e-01
1.534255558252334561e-01
1.534981262683868530e-01
1.529969412088394154e-01
1.531108635663986639e-01
1.531899845600128152e-01
1.532435578107833596e-01
1.529228997230529796e-01
1.530700773000716886e-01
1.528949654102325084e-01
1.532337999343872104e-01
1.529868578910827670e-01
1.531799346208572721e-01
1.529481554031371648e-01
1.530598974227905251e-01
1.527792245149612316e-01
1.527275675535202104e-01
1.528194510936737027e-01
1.525999182462692283e-01
1.527857047319412243e-01
1.526423001289367865e-01
1.526908832788467507e-01
1.526928913593292580e-01
1.526049643754958940e-01
1.527268451452255260e-01
1.526569736003875188e-01
1.525755983591079723e-01
1.524981194734573720e-01
1.525071775913238725e-01
1.522372967004775868e-01
1.523718851804733432e-01
1.523727065324783359e-01
1.526382750272750888e-01
1.523866826295852683e-01
1.520093232393264771e-01
